0.9
0.1
-112.299423000000
-132.209320000000
-110.031219000000
-120.296974000000
-109.315300000000
-196.491745000000
-270.972107000000
-200.288605000000
-196.491837000000
-196.491074000000
-270.194763000000
-329.703278000000
-271.034424000000
-271.243927000000
-272.259521000000
-97.5037080000000
-242.827545000000
-121.749184000000
-144.630280000000
-131.266113000000
-99.8387530000000
-248.939301000000
-136.917267000000
-137.145142000000
-132.465134000000
-94.0479050000000
-230.621338000000
-134.581543000000
-114.340027000000
-115.627861000000
-202.176941000000
-297.274200000000
-202.670654000000
-204.491608000000
-204.562790000000
-135.162476000000
-165.027725000000
-138.579025000000
-132.519608000000
-128.601913000000
-80.3991010000000
-88.0591960000000
-77.5582500000000
-78.7472080000000
-80.7933040000000
-202.734894000000
-205.296524000000
-206.538147000000
-214.824005000000
-203.602112000000
-331.246307000000
-329.576538000000
-329.859711000000
-333.645813000000
-332.395416000000
-131.711639000000
-149.399857000000
-99.7462310000000
-156.408035000000
-136.392288000000
373.561493000000
337.486511000000
348.366180000000
352.606018000000
341.688385000000
1256.61377000000
1172.20385700000
1217.97277800000
1164.90393100000
1181.70397900000
354.671021000000
355.641357000000
361.025757000000
374.472778000000
358.818176000000
-93.2473910000000
-139.208191000000
-142.411499000000
-93.2328190000000
-127.057755000000
-205.538559000000
-206.314194000000
-207.536148000000
-207.707169000000
-205.237961000000
-123.387215000000
-127.038155000000
-140.888977000000
-126.766022000000
-126.703186000000
-262.026123000000
-268.698364000000
-265.175507000000
-322.459717000000
-265.252777000000
-401.838715000000
-400.326752000000
-396.127502000000
-405.376709000000
-397.374725000000
-137.672913000000
-137.672913000000
-99.9989470000000
-153.698929000000
-132.498947000000
1120.11279300000
1115.59997600000
1208.38928200000
1067.99523900000
1103.85473600000
1155.30029300000
1173.70434600000
1150.92565900000
1167.04724100000
1262.50659200000
1204.09277300000
1182.19592300000
1196.47814900000
1308.29272500000
1178.17773400000
331.064667000000
357.172668000000
332.486084000000
345.428955000000
383.381409000000
-133.542938000000
-128.672043000000
-155.846390000000
-88.9308620000000
-127.484901000000
-165.475189000000
-168.998032000000
-192.341782000000
-167.773758000000
-165.278259000000
-219.739838000000
-229.384888000000
-219.444092000000
-236.102020000000
-219.045486000000
-343.444672000000
-339.314240000000
-340.144196000000
-342.717346000000
-338.857513000000
-149.633484000000
-131.619354000000
-99.7256240000000
-156.571228000000
-136.490067000000
316.909760000000
363.184631000000
357.159729000000
316.567108000000
347.868652000000
1144.72241200000
1246.63879400000
1173.61608900000
1185.91210900000
1157.16467300000
324.423767000000
374.679657000000
382.898163000000
364.617126000000
371.600494000000
-143.989792000000
-96.0580370000000
-149.516449000000
-96.0343400000000
-129.860794000000
-215.308594000000
-213.994614000000
-216.160172000000
-213.744141000000
-212.332489000000
-146.369354000000
-137.757034000000
-173.725403000000
-142.048279000000
-148.629974000000
-129.802505000000
-126.467010000000
-127.369904000000
-124.346642000000
-126.651894000000
-248.847717000000
-205.444687000000
-207.448242000000
-210.486176000000
-207.733978000000
-335.762238000000
-272.020416000000
-273.700104000000
-270.856079000000
-270.582947000000
-239.612549000000
-96.0685270000000
-122.659615000000
-141.637207000000
-126.689026000000
-248.613312000000
-99.7917630000000
-137.453217000000
-137.008911000000
-132.259888000000
-238.986557000000
-97.1058650000000
-141.586273000000
-126.217346000000
-128.533112000000
-269.890869000000
-233.502167000000
-231.070206000000
-233.096878000000
-235.192062000000
-186.812790000000
-134.061508000000
-131.968170000000
-141.941711000000
-131.286133000000
-105.460823000000
-71.6075130000000
-78.3337100000000
-78.0747300000000
-73.4548420000000